cats_001.jpg 132,1,347,264,0
cats_002.jpg 176,44,467,433,0
cats_003.jpg 53,1,397,314,0
cats_004.jpg 1,1,393,335,0
cats_005.jpg 80,1,407,316,0
cats_006.jpg 177,21,345,243,0
cats_008.jpg 63,1,417,355,0
cats_009.jpg 1,1,380,342,0
cats_010.jpg 1,1,383,266,0
cats_011.jpg 12,1,444,260,0
cats_012.jpg 119,143,474,608,0
cats_013.jpg 1,1,474,522,0
cats_014.jpg 151,1,447,266,0
cats_015.jpg 9,7,175,295,0
cats_016.jpg 30,85,233,355,0 183,4,326,355,0 290,62,445,355,0
cats_017.jpg 120,1,474,316,0
cats_018.jpg 1,1,474,629,0
cats_019.jpg 85,1,474,300,0
cats_021.jpg 108,1,385,355,0 205,180,473,353,0
cats_022.jpg 17,19,389,235,0 147,138,345,244,0 243,140,456,250,0
cats_023.jpg 30,1,360,266,0
cats_024.jpg 80,11,390,338,0
cats_025.jpg 1,48,419,649,0
cats_026.jpg 136,66,247,257,0 241,81,391,246,0 209,6,297,144,0 7,35,83,131,0 173,221,435,316,0
cats_027.jpg 122,18,474,266,0
cats_028.jpg 123,1,432,296,0
cats_029.jpg 2,12,234,316,0
cats_030.jpg 1,1,474,266,0
cats_031.jpg 1,1,399,266,0
cats_032.jpg 44,1,400,265,0
cats_033.jpg 45,24,472,632,0
cats_034.jpg 78,122,474,632,0
cats_035.jpg 67,1,421,266,0
cats_036.jpg 170,1,441,266,0
cats_037.jpg 5,9,350,333,0
cats_038.jpg 94,13,442,366,0
cats_039.jpg 1,65,395,301,0
cats_040.jpg 108,126,473,384,0
cats_041.jpg 56,1,344,267,0
cats_042.jpg 107,63,371,237,0
cats_043.jpg 69,1,458,355,0
cats_044.jpg 1,1,445,315,0
cats_045.jpg 71,21,407,285,0
cats_046.jpg 148,1,404,296,0
cats_047.jpg 19,57,337,316,0
cats_048.jpg 22,1,416,708,0
cats_049.jpg 26,53,99,216,0 76,65,162,220,0 175,27,301,250,0 278,56,352,224,0 347,70,437,221,0
cats_052.jpg 94,21,275,313,0
cats_053.jpg 30,13,474,316,0
cats_055.jpg 112,1,416,614,0
cats_056.jpg 118,45,394,303,0
cats_058.jpg 46,1,423,315,0
cats_059.jpg 119,7,367,222,0
cats_060.jpg 77,22,372,366,0
cats_061.jpg 2,35,473,319,0
cats_062.jpg 9,66,396,621,0
cats_063.jpg 1,1,374,256,0
cats_064.jpg 92,40,221,329,0 171,72,473,312,0
cats_065.jpg 85,11,389,632,0
cats_067.jpg 1,14,424,420,0
cats_068.jpg 1,127,474,521,0
cats_069.jpg 1,2,455,304,0
cats_070.jpg 65,19,331,266,0
cats_071.jpg 60,14,374,269,0
cats_073.jpg 7,1,474,244,0
cats_074.jpg 53,1,426,355,0
cats_075.jpg 54,1,462,237,0
cats_077.jpg 4,1,474,266,0
cats_078.jpg 155,62,394,443,0
cats_080.jpg 1,12,272,265,0 259,1,474,213,0
cats_081.jpg 21,6,291,237,0
cats_082.jpg 74,1,474,316,0
cats_083.jpg 219,27,474,266,0
cats_084.jpg 43,1,426,266,0
cats_085.jpg 190,178,431,667,0
cats_086.jpg 40,19,469,249,0
cats_087.jpg 1,1,386,292,0
cats_089.jpg 5,1,452,292,0
cats_090.jpg 154,1,411,316,0
cats_092.jpg 71,94,366,478,0
cats_093.jpg 25,66,365,241,0
cats_094.jpg 82,13,242,202,0 13,113,350,315,0
cats_095.jpg 204,30,438,266,0 1,1,215,266,0
cats_096.jpg 31,54,426,746,0
cats_097.jpg 111,80,472,486,0
cats_098.jpg 124,1,417,266,0
cats_and_monkeys_001.jpg 144,155,408,265,0 201,9,474,210,2
cats_and_monkeys_004.jpg 80,114,275,248,0 195,11,473,261,2
cats_and_monkeys_009.jpg 161,172,396,474,0 1,2,374,474,2
cats_and_monkeys_011.jpg 28,1,464,398,2 36,173,265,389,0
cats_and_monkeys_015.jpg 50,94,169,362,0 161,83,474,358,2
cats_and_monkeys_017.jpg 1,100,208,251,0 138,11,451,247,2
cats_and_monkeys_018.jpg 29,292,435,711,0 122,1,473,722,2
cats_and_monkeys_019.jpg 195,206,373,379,0 20,1,350,378,2
cats_and_monkeys_021.jpg 38,11,419,409,2 142,181,341,409,0
cats_and_monkeys_022.jpg 156,163,317,290,0 206,65,364,250,2
cats_and_monkeys_023.jpg 1,41,348,310,2 177,170,444,300,0
cats_and_monkeys_024.jpg 10,31,272,447,0 270,56,461,457,2
cats_and_monkeys_025.jpg 219,252,419,474,0 16,18,401,474,2
cats_and_monkeys_028.jpg 27,5,440,353,0 143,43,265,188,2
cats_and_monkeys_030.jpg 76,1,393,266,2 145,160,266,255,0
cats_and_monkeys_039.jpg 184,117,299,265,0 255,63,474,275,2 143,11,323,127,1
cats_and_monkeys_041.jpg 275,193,474,677,2 14,173,319,485,0 123,473,291,672,0
cats_and_monkeys_042.jpg 154,137,411,308,0 1,130,109,255,2
cats_and_monkeys_044.jpg 19,97,336,252,2 1,18,452,203,0
cats_and_monkeys_047.jpg 22,70,134,262,0 93,1,430,277,2
cats_and_monkeys_054.jpg 95,88,426,315,0 99,9,349,276,2
cats_and_monkeys_057.jpg 1,60,367,242,2 137,85,445,251,0
cats_and_monkeys_064.jpg 27,12,409,461,2 85,182,464,461,0
cats_and_monkeys_068.jpg 4,31,474,286,0 250,27,332,98,2
cats_and_monkeys_071.jpg 1,52,407,569,2 203,304,392,551,0
cats_and_monkeys_085.jpg 47,74,260,441,2 236,110,446,431,2 138,263,277,429,0
cats_and_monkeys_088.jpg 85,65,464,320,2 1,1,252,320,2
cats_and_monkeys_089.jpg 122,164,366,333,0 179,25,405,218,2
cats_and_monkeys_091.jpg 219,43,417,266,2 1,1,188,213,0
cats_and_monkeys_093.jpg 197,102,351,333,0 59,42,373,333,2
cats_and_monkeys_097.jpg 15,13,301,309,2 201,27,416,272,0
cats_groups_000.jpg 31,287,127,471,0 128,226,215,444,0 216,241,303,442,0 116,158,172,286,0 162,147,235,241,0 150,73,203,167,0 203,34,271,210,0 266,67,316,191,0 270,125,348,295,0 344,105,424,292,0
cats_groups_001.jpg 1,120,165,240,0 131,61,210,175,0 134,107,284,230,0 333,15,474,242,0 270,17,452,241,0
cats_groups_002.jpg 32,108,176,263,0 113,59,218,264,0 205,59,298,247,0 280,58,371,254,0 357,75,441,238,0
cats_groups_003.jpg 1,117,264,355,0 130,28,321,315,0 187,28,474,355,0
cats_groups_005.jpg 35,91,118,250,0 109,150,209,240,0 179,52,269,243,0 269,93,339,243,0 335,98,450,249,0
cats_groups_006.jpg 234,202,474,480,0 9,5,267,480,0 268,27,472,240,0
cats_groups_007.jpg 10,94,123,170,0 117,35,206,173,0 192,71,300,162,0 295,40,380,176,0 371,77,467,167,0
cats_groups_008.jpg 28,43,120,248,0 115,38,193,244,0 185,41,293,249,0 276,19,364,244,0 348,40,433,245,0
cats_groups_009.jpg 14,101,120,223,0 69,100,198,212,0 189,73,288,205,0 286,89,399,208,0 373,49,454,192,0
cats_groups_010.jpg 26,138,147,369,0 229,45,323,402,0 312,56,389,291,0 166,115,248,264,0 366,104,467,215,0
cats_groups_011.jpg 29,34,137,197,0 126,9,208,197,0 200,40,266,197,0 265,114,458,201,0 259,11,365,118,0
cats_groups_012.jpg 45,135,125,244,0 57,48,203,239,0 192,124,265,239,0 243,58,312,235,0 295,129,447,243,0
cats_groups_016.jpg 49,58,136,218,0 169,36,262,176,0 324,105,423,299,0 329,16,383,116,0
cats_groups_018.jpg 164,2,449,205,0 123,98,382,355,0 63,53,262,295,0
cats_groups_021.jpg 59,214,172,355,0 185,224,294,355,0 300,242,404,355,0 1,124,77,260,0 1,247,63,327,0 49,120,172,268,0 210,125,334,269,0 334,160,433,355,0 113,49,208,176,0 7,30,102,141,0 16,1,101,63,0 105,1,179,74,0 175,1,291,130,0 322,1,415,80,0 291,65,380,198,0 376,85,473,228,0 372,8,474,106,0
cats_groups_022.jpg 2,58,105,395,0 76,32,202,396,0 181,26,293,398,0 282,41,377,382,0 371,47,474,387,0
cats_groups_026.jpg 1,92,289,516,0 263,310,418,552,0 98,148,388,539,0
cats_groups_027.jpg 178,78,223,144,0 263,137,389,234,0 228,109,265,209,0 92,99,179,191,0 357,83,474,178,0 318,80,416,146,0 34,117,91,185,0
cats_groups_028.jpg 37,3,185,309,0 350,65,474,316,0 153,14,276,290,0 253,19,360,316,0
cats_groups_030.jpg 31,40,121,146,0 6,106,147,230,0 132,114,252,239,0 137,48,220,143,0 243,72,307,218,0 245,152,474,298,0 316,48,435,227,0
cats_groups_033.jpg 26,128,139,236,0 121,102,217,237,0 210,148,312,235,0 315,70,419,236,0
cats_groups_035.jpg 1,24,194,314,0 147,31,264,163,0 153,26,338,314,0 335,26,449,314,0
cats_groups_036.jpg 72,78,200,296,0 179,119,360,278,0 280,29,421,291,0
cats_groups_037.jpg 55,13,308,244,0 244,51,428,264,0
cats_groups_040.jpg 8,67,68,130,0 47,132,113,179,0 86,73,169,130,0 100,41,156,85,0 171,98,222,129,0 182,124,255,179,0 211,196,261,261,0 259,158,319,228,0 207,82,242,128,0 296,58,355,128,0 364,65,431,130,0 326,131,389,180,0 396,133,456,222,0 395,211,470,277,0
cats_groups_043.jpg 28,133,98,205,0 96,110,153,194,0 144,138,202,207,0 237,129,295,204,0 199,111,250,188,0 299,136,347,189,0 350,142,407,194,0 402,98,454,182,0
cats_groups_044.jpg 1,111,93,317,0 89,113,168,317,0 180,103,269,311,0 264,124,344,302,0 343,6,474,323,0
cats_groups_047.jpg 13,125,238,418,0 90,30,198,154,0 172,214,337,458,0 180,135,246,211,0 247,161,370,362,0 255,19,311,97,0 248,100,310,169,0 304,61,374,155,0 345,97,454,221,0 231,89,290,128,0
cats_groups_053.jpg 1,57,124,236,0 121,61,358,224,0 376,72,474,205,0 301,52,418,154,0
cats_groups_055.jpg 47,90,183,390,0 114,28,267,387,0
cats_groups_056.jpg 47,119,192,321,0 96,50,167,170,0 160,170,310,363,0 275,53,384,196,0 321,138,433,340,0
cats_groups_058.jpg 72,181,152,275,0 230,148,305,194,0 367,265,426,329,0 328,149,413,207,0 133,103,211,156,0 91,64,150,138,0 98,49,131,73,0
cats_groups_059.jpg 43,172,257,290,0 207,131,443,435,0 235,61,350,154,0 146,119,235,199,0
cats_groups_060.jpg 33,53,126,203,0 109,1,245,266,0 244,74,309,215,0 306,49,428,262,0
cats_groups_065.jpg 230,222,314,314,0 307,66,451,320,0 17,58,190,325,0 165,52,348,225,0
cats_groups_066.jpg 66,79,219,296,0 218,97,334,282,0 186,24,290,126,0 258,1,355,90,0 293,67,425,259,0
cats_groups_067.jpg 36,19,187,317,0 124,180,217,352,0 205,217,361,359,0 262,25,437,316,0
cats_groups_070.jpg 49,19,461,223,0 112,1,474,223,0
cats_groups_071.jpg 176,382,341,770,0 136,292,363,730,0
cats_groups_072.jpg 27,6,270,154,0 1,124,295,316,0 93,8,393,286,0
cats_groups_080.jpg 1,144,246,425,0 122,39,458,421,0 316,163,474,393,0
cats_groups_083.jpg 34,45,162,240,0 167,14,302,240,0 294,28,464,240,0
cats_groups_091.jpg 126,153,288,266,0 170,100,264,169,0 249,18,417,163,0
cats_groups_093.jpg 58,8,160,150,0 150,45,213,161,0 208,11,302,160,0 340,14,426,158,0 275,19,358,158,0
cats_groups_096.jpg 285,115,416,277,0 10,98,183,283,0 147,76,251,276,0 322,35,471,206,0 210,30,329,242,0
cats_groups_097.jpg 1,179,113,284,0 257,222,356,316,0 1,138,179,197,0 213,153,413,224,0 1,14,131,123,0 106,1,202,123,0 164,1,204,27,0 187,1,274,69,0 223,1,291,125,0 278,1,328,103,0 284,1,431,131,0 312,13,407,88,0 405,39,474,120,0 398,115,474,218,0
dogs_000.jpg 104,33,371,268,1
dogs_001.jpg 14,67,430,648,1
dogs_002.jpg 288,46,444,234,1 1,58,220,227,1 171,120,332,237,1
dogs_003.jpg 46,21,474,316,1
dogs_004.jpg 99,7,454,316,1
dogs_005.jpg 1,1,412,266,1
dogs_006.jpg 71,1,461,317,1
dogs_007.jpg 11,7,474,473,1
dogs_008.jpg 13,8,441,257,1
dogs_009.jpg 18,10,266,346,1 210,86,462,344,1
dogs_010.jpg 1,7,369,316,1
dogs_011.jpg 150,43,315,333,1
dogs_012.jpg 186,49,352,269,1
dogs_013.jpg 58,32,305,316,1
dogs_014.jpg 105,5,472,266,1
dogs_015.jpg 6,60,379,291,1 255,122,436,275,1 155,123,246,226,1 402,123,449,159,1 183,139,265,223,1
dogs_016.jpg 58,20,348,344,1
dogs_018.jpg 8,46,228,346,1 240,59,474,357,1
dogs_019.jpg 74,26,303,315,1
dogs_020.jpg 62,13,419,704,1
dogs_021.jpg 36,78,313,694,1
dogs_023.jpg 90,44,422,353,1
dogs_024.jpg 18,57,136,353,1 102,61,217,355,1 228,51,403,355,1 346,47,460,346,1
dogs_025.jpg 40,1,474,710,1
dogs_026.jpg 75,25,356,308,1
dogs_027.jpg 74,31,394,322,1
dogs_028.jpg 53,150,469,711,1
dogs_029.jpg 65,33,449,601,1
dogs_030.jpg 60,25,466,430,1
dogs_031.jpg 9,2,406,316,1
dogs_032.jpg 23,1,392,266,1
dogs_034.jpg 136,130,337,566,1
dogs_036.jpg 122,68,365,296,1
dogs_037.jpg 1,21,443,348,1
dogs_039.jpg 1,25,459,498,1
dogs_040.jpg 43,21,299,228,1
dogs_041.jpg 14,1,393,355,1
dogs_043.jpg 211,190,316,315,1 146,25,263,121,1 12,39,113,126,1 30,80,136,173,1 293,149,403,308,1 28,162,128,269,1 59,110,220,303,1 237,74,321,180,1 311,69,389,153,1 375,74,463,295,1
dogs_044.jpg 1,48,393,355,1
dogs_045.jpg 95,36,348,328,1
dogs_046.jpg 38,60,295,315,1
dogs_047.jpg 74,57,299,288,1
dogs_049.jpg 96,25,322,277,1
dogs_050.jpg 33,16,359,304,1
dogs_051.jpg 121,34,413,632,1
dogs_052.jpg 107,15,450,316,1
dogs_053.jpg 58,39,426,597,1
dogs_054.jpg 78,155,455,681,1
dogs_055.jpg 20,61,389,328,1
dogs_056.jpg 1,112,366,614,1
dogs_057.jpg 1,68,100,192,1 93,83,193,175,1 165,40,272,168,1 272,86,385,173,1 374,67,473,199,1
dogs_058.jpg 47,20,393,621,1
dogs_060.jpg 121,18,409,284,1
dogs_061.jpg 41,34,417,316,1
dogs_063.jpg 16,10,369,266,1
dogs_064.jpg 1,98,191,248,1 145,103,393,253,1 216,29,432,159,1 73,11,167,154,1 149,11,231,117,1
dogs_065.jpg 48,95,160,244,1 140,93,246,228,0 240,78,320,226,1 321,90,418,215,1
dogs_066.jpg 33,43,266,291,1 263,70,448,286,1
dogs_067.jpg 1,8,431,355,1 2,126,220,342,0
dogs_068.jpg 98,69,206,268,1 238,44,381,316,1
dogs_069.jpg 85,72,385,433,1
dogs_071.jpg 30,30,274,192,1 105,66,231,282,1 192,48,356,289,1 232,176,347,326,1 317,120,474,291,1
dogs_073.jpg 140,40,252,198,1 297,28,399,248,1 64,149,420,280,1
dogs_074.jpg 46,7,411,355,1
dogs_075.jpg 1,27,474,711,1
dogs_076.jpg 187,6,376,248,1
dogs_077.jpg 165,1,360,290,1
dogs_078.jpg 159,50,265,188,1 36,39,174,166,1
dogs_081.jpg 47,26,444,442,1
dogs_082.jpg 137,1,474,316,1
dogs_083.jpg 82,59,377,600,1
dogs_084.jpg 89,42,369,451,1
dogs_087.jpg 5,64,445,574,1
dogs_088.jpg 43,3,474,316,1
dogs_090.jpg 1,34,180,317,1 269,35,474,311,1 177,56,243,301,1 225,40,275,296,1
dogs_091.jpg 33,1,305,266,1
dogs_092.jpg 247,20,474,316,1 21,78,284,306,1
dogs_094.jpg 198,112,461,364,1 1,130,242,354,0
dogs_095.jpg 10,59,269,349,1
dogs_096.jpg 193,7,384,266,1
dogs_097.jpg 307,15,474,281,1 1,118,337,275,1
dogs_099.jpg 69,1,466,266,1
dogs_and_cats_000.jpg 1,15,295,316,1 291,6,474,283,0
dogs_and_cats_002.jpg 40,99,252,239,0 248,72,464,244,1
dogs_and_cats_005.jpg 250,135,474,217,0 26,50,344,218,1
dogs_and_cats_006.jpg 20,1,279,291,1 281,59,472,311,0
dogs_and_cats_010.jpg 308,67,474,269,0 117,22,473,296,1
dogs_and_cats_011.jpg 1,90,438,263,0 25,5,398,227,1
dogs_and_cats_012.jpg 1,73,240,296,0 208,1,474,296,1
dogs_and_cats_013.jpg 237,18,474,296,1 26,1,474,270,1
dogs_and_cats_015.jpg 1,10,430,355,1 2,127,220,343,0
dogs_and_cats_018.jpg 242,93,474,247,0 28,1,474,235,1
dogs_and_cats_020.jpg 132,25,463,308,0 54,30,307,221,1
dogs_and_cats_023.jpg 243,31,474,266,1 1,5,206,266,0
dogs_and_cats_024.jpg 119,1,474,266,0 19,4,268,221,1
dogs_and_cats_025.jpg 14,20,417,261,1 98,151,304,259,0
dogs_and_cats_026.jpg 2,60,192,311,0 194,1,449,288,1
dogs_and_cats_027.jpg 217,1,474,296,0 13,15,219,296,1
dogs_and_cats_029.jpg 1,24,474,355,1 1,63,199,333,0
dogs_and_cats_031.jpg 99,47,404,265,1 1,119,282,256,0
dogs_and_cats_033.jpg 261,298,445,663,0 1,121,324,648,1
dogs_and_cats_034.jpg 233,110,448,208,0 34,95,398,209,1
dogs_and_cats_035.jpg 215,18,473,266,1 1,1,250,252,0
dogs_and_cats_036.jpg 86,172,383,353,0 38,2,417,353,1
dogs_and_cats_038.jpg 1,21,459,346,1 38,85,238,325,0
dogs_and_cats_039.jpg 83,67,247,250,1 143,250,271,457,0
dogs_and_cats_040.jpg 29,294,267,537,0 26,61,403,530,1
dogs_and_cats_042.jpg 268,1,451,206,0 1,1,321,296,1
dogs_and_cats_044.jpg 1,47,279,242,0 132,39,474,215,1
dogs_and_cats_045.jpg 192,7,405,171,0 1,37,336,254,1
dogs_and_cats_046.jpg 8,2,200,222,0 144,1,473,296,1
dogs_and_cats_048.jpg 165,132,411,296,1 333,91,422,245,0 206,76,335,160,0 347,69,395,109,0
dogs_and_cats_052.jpg 53,10,415,468,1 187,74,401,462,0
dogs_and_cats_053.jpg 1,130,244,356,0 198,109,455,362,1
dogs_and_cats_054.jpg 90,1,474,212,1 9,111,473,260,0
dogs_and_cats_056.jpg 1,121,446,316,1 1,1,383,230,1
dogs_and_cats_057.jpg 103,54,447,306,0 40,42,339,269,1
dogs_and_cats_066.jpg 1,40,290,270,0 1,26,449,270,1
dogs_and_cats_069.jpg 1,1,293,246,1 104,29,474,191,0
dogs_and_cats_070.jpg 1,42,225,306,0 202,43,452,243,1
dogs_and_cats_071.jpg 3,64,252,291,1 299,51,474,294,0
dogs_and_cats_073.jpg 215,4,460,287,0 18,16,223,287,1
dogs_and_cats_075.jpg 32,103,420,283,1 226,73,396,162,0
dogs_and_cats_076.jpg 94,56,251,200,0 191,60,474,216,1
dogs_and_cats_081.jpg 285,26,473,212,0 9,50,316,231,1
dogs_and_cats_083.jpg 218,32,359,138,0 4,71,459,312,1
dogs_and_cats_084.jpg 118,47,474,296,0 210,41,443,218,1
dogs_and_cats_086.jpg 1,116,162,468,1 168,26,474,379,1
dogs_and_cats_088.jpg 287,149,399,277,0 62,45,279,284,1
dogs_and_cats_089.jpg 81,77,227,284,0 154,38,436,288,1
dogs_and_cats_090.jpg 67,62,188,304,1 208,31,379,264,1 166,104,310,357,1
dogs_and_cats_092.jpg 94,242,474,592,1 98,159,320,360,0
dogs_and_cats_094.jpg 23,1,370,296,1 142,196,308,294,0
dogs_and_cats_095.jpg 150,48,435,246,0 1,1,404,234,1
dogs_and_cats_097.jpg 1,1,402,333,1 223,140,413,327,0
dogs_and_cats_098.jpg 318,97,397,263,0 135,1,340,266,1
dogs_groups_002.jpg 5,251,114,462,1 92,270,178,440,1 179,260,242,435,1 264,353,317,449,1 1,63,92,250,1 48,188,93,268,1 76,180,135,271,1 128,181,191,272,1 175,157,233,245,1 140,67,204,182,1 199,105,248,157,1 206,162,274,323,1 340,247,423,425,1 264,145,331,259,1 326,187,382,255,1 274,221,360,387,1 377,173,470,276,1 350,147,391,200,1 405,146,474,182,1
dogs_groups_004.jpg 28,115,71,223,1 69,119,112,223,1 109,114,160,222,1 153,107,218,224,1 215,93,264,232,1 257,101,326,233,1 301,106,348,218,1 348,106,394,225,1 388,131,448,226,1
dogs_groups_005.jpg 4,46,171,377,1 119,194,212,377,1 186,85,275,303,1 230,233,305,384,1 287,4,460,378,1
dogs_groups_007.jpg 5,397,106,582,1 96,386,195,557,1 19,242,130,411,1 126,59,165,116,1 82,104,170,241,1 176,116,231,172,1 169,168,211,215,1 101,213,175,271,1 128,268,217,389,1 179,194,250,376,1 192,378,282,556,1 252,320,321,458,1 267,334,383,522,1 354,370,473,591,1 398,269,472,379,1 211,164,294,296,1 284,129,344,214,1 337,129,370,164,1 351,8,465,254,1 317,162,391,221,1 281,215,353,290,1 261,270,331,339,1 356,198,459,373,1
dogs_groups_017.jpg 15,129,151,288,1 143,126,267,275,1 264,114,383,261,1 360,97,474,245,1
dogs_groups_018.jpg 43,125,134,330,1 113,103,196,317,1 187,108,262,340,1 204,216,277,331,1 245,84,319,332,1 311,201,369,316,1 293,106,383,333,1 368,110,438,328,1
dogs_groups_019.jpg 116,137,147,166,1 154,137,181,176,1 93,165,121,196,1 123,164,157,183,1 7,197,112,313,1 69,288,134,372,1 1,294,88,389,1 55,179,111,270,1 106,181,183,323,1 165,164,210,259,1 200,157,226,212,1 188,226,234,329,1 216,164,261,247,1 229,129,252,165,1 244,195,296,287,1 283,163,327,237,1 319,178,359,244,1 209,281,359,423,1 297,243,416,370,1 361,266,467,358,1
dogs_groups_020.jpg 51,39,142,250,1 139,47,200,249,1 200,37,272,251,1 277,90,340,251,1 350,91,441,252,1
dogs_groups_022.jpg 77,138,149,268,1 141,81,244,277,1 220,101,295,267,1 287,122,371,266,1
dogs_groups_026.jpg 15,75,150,301,1 150,139,230,302,1 209,164,310,301,1 328,59,448,302,1
dogs_groups_049.jpg 75,3,172,239,1 159,106,224,230,1 210,88,319,232,1 319,34,406,235,1
dogs_groups_053.jpg 1,74,227,315,1 58,59,128,185,1 119,51,162,90,1 154,41,198,80,1 171,1,193,40,1 198,22,239,66,1 193,63,260,141,1 235,8,307,147,1 233,129,320,232,1 234,184,304,266,1 200,180,267,282,1 296,49,351,141,1 335,47,397,159,1 306,156,372,259,1 361,150,466,283,1
dogs_groups_057.jpg 2,132,194,293,1 76,7,214,174,1 183,92,348,293,1 208,8,328,103,1 333,13,474,111,1 337,97,468,293,1
dogs_groups_063.jpg 22,134,122,318,1 90,196,182,320,1 118,117,186,196,1 176,132,247,326,1 245,137,351,326,1 327,201,444,355,1
dogs_groups_066.jpg 10,47,302,308,1 288,4,474,197,1 67,74,474,313,1
dogs_groups_077.jpg 1,94,267,388,1 278,167,474,445,1 263,27,464,205,1 1,1,259,153,1
dogs_groups_081.jpg 6,54,118,248,1 50,162,173,334,1 117,49,223,220,1 191,180,261,303,1 214,14,276,181,1 275,19,350,208,1 347,58,460,248,1 319,156,404,328,1
dogs_groups_082.jpg 104,57,415,355,1 33,1,150,140,1 28,141,198,355,1
dogs_groups_085.jpg 326,23,467,235,1 3,138,163,249,1 95,33,196,186,1 165,135,278,248,1 260,122,383,238,1
dogs_groups_088.jpg 41,95,90,226,1 155,99,217,246,1 246,102,326,256,1
dogs_groups_089.jpg 16,68,301,244,1 176,9,423,217,1 292,97,452,227,1
dog_and_monkey_000.jpg 46,282,411,675,1 23,23,474,674,2
dog_and_monkey_001.jpg 1,41,460,306,1 187,53,443,303,2
dog_and_monkey_003.jpg 13,124,277,318,2 100,14,387,289,1
dog_and_monkey_005.jpg 106,156,407,339,1 57,12,474,499,2
dog_and_monkey_012.jpg 3,30,350,330,1 325,79,471,304,2
dog_and_monkey_014.jpg 217,85,443,266,2 46,58,163,250,2 138,61,215,193,2
dog_and_monkey_016.jpg 46,47,423,480,1
dog_and_monkey_019.jpg 1,95,425,355,1 59,87,224,218,2
dog_and_monkey_022.jpg 226,1,406,186,1 9,100,259,282,2
dog_and_monkey_023.jpg 8,79,474,330,1 247,49,474,266,2
dog_and_monkey_024.jpg 1,27,464,313,1 14,60,239,225,2
dog_and_monkey_028.jpg 34,43,228,282,1 12,7,474,306,2
dog_and_monkey_031.jpg 41,28,245,332,1 200,50,433,340,2
dog_and_monkey_032.jpg 114,312,352,855,1 63,11,458,437,2
dog_and_monkey_033.jpg 203,93,474,248,1 47,46,100,165,2 112,31,224,174,2 202,62,236,111,2
dog_and_monkey_034.jpg 147,196,465,421,1 8,20,275,378,2
dog_and_monkey_039.jpg 207,11,470,264,2 1,23,215,265,1
dog_and_monkey_040.jpg 78,6,399,648,2 1,32,330,648,1
dog_and_monkey_042.jpg 122,29,430,281,1 103,230,474,347,2
dog_and_monkey_043.jpg 36,11,195,395,1 203,95,424,364,2
dog_and_monkey_045.jpg 1,5,409,355,1
dog_and_monkey_048.jpg 52,124,396,539,1
dog_and_monkey_050.jpg 51,25,457,482,1
dog_and_monkey_053.jpg 164,43,422,199,2 28,32,203,246,1
dog_and_monkey_057.jpg 101,1,390,316,1
dog_and_monkey_063.jpg 157,32,410,307,2 175,1,384,281,1
dog_and_monkey_065.jpg 1,1,474,312,1 63,158,187,311,1 136,116,240,266,2
dog_and_monkey_078.jpg 1,27,474,316,1 65,158,255,258,2
dog_and_monkey_081.jpg 224,392,351,484,2 193,218,245,325,1 135,103,225,166,1 219,132,269,165,2 287,65,318,131,2 320,67,350,146,2
dog_and_monkey_085.jpg 22,74,283,237,1 257,15,353,134,1 227,65,394,276,1
dog_and_monkey_089.jpg 21,52,169,354,2 43,72,369,354,1
monkeys_000.jpg 61,93,441,621,2
monkeys_002.jpg 47,114,199,312,2 219,33,385,257,2 132,111,287,340,2
monkeys_003.jpg 18,30,474,316,2
monkeys_004.jpg 31,246,182,379,2 82,12,287,378,2 248,78,472,379,2
monkeys_005.jpg 28,14,331,255,2
monkeys_006.jpg 32,83,277,266,2 174,1,474,266,2
monkeys_007.jpg 56,95,416,554,2
monkeys_008.jpg 36,1,474,266,2
monkeys_009.jpg 104,80,394,510,2
monkeys_011.jpg 83,13,269,296,2 128,16,438,296,2
monkeys_012.jpg 90,133,452,314,2 124,14,309,222,2
monkeys_013.jpg 27,7,143,166,2 123,3,313,187,2
monkeys_014.jpg 8,194,419,712,2
monkeys_015.jpg 58,16,210,266,2
monkeys_016.jpg 70,63,431,647,2 217,299,390,564,2
monkeys_017.jpg 1,1,386,315,2
monkeys_018.jpg 93,1,441,315,2
monkeys_021.jpg 45,139,224,469,2 190,57,429,534,2
monkeys_023.jpg 71,35,310,316,2
monkeys_024.jpg 74,5,440,284,2
monkeys_025.jpg 121,34,474,316,2
monkeys_026.jpg 105,160,401,595,2 176,78,363,494,2 188,250,308,427,2
monkeys_028.jpg 1,1,281,265,2 52,74,408,232,2 376,160,464,266,2
monkeys_029.jpg 34,15,350,315,2
monkeys_030.jpg 80,1,412,266,2
monkeys_031.jpg 5,22,277,336,2
monkeys_032.jpg 42,12,234,315,2 226,10,474,314,2
monkeys_034.jpg 43,37,474,632,2
monkeys_035.jpg 54,45,471,379,2
monkeys_036.jpg 1,13,463,266,2
monkeys_039.jpg 1,33,299,316,2 251,35,474,316,2
monkeys_040.jpg 101,138,237,266,2 162,4,295,215,2 296,7,459,223,2 246,90,331,208,2
monkeys_041.jpg 64,38,455,315,2
monkeys_042.jpg 1,87,184,339,2 267,43,473,336,2 151,6,331,303,2 139,142,248,302,2
monkeys_043.jpg 184,46,367,311,2
monkeys_044.jpg 22,56,242,355,2 180,59,463,354,2
monkeys_045.jpg 1,16,198,337,2 106,104,197,204,2 200,84,457,355,2 272,12,434,153,2 364,153,473,355,2
monkeys_049.jpg 24,122,367,702,2
monkeys_050.jpg 59,33,409,315,2
monkeys_051.jpg 73,1,297,314,2
monkeys_052.jpg 1,61,441,474,2 1,150,67,347,2
monkeys_053.jpg 119,78,429,413,2
monkeys_054.jpg 156,5,471,321,2
monkeys_056.jpg 72,32,421,439,2
monkeys_057.jpg 66,11,353,248,2
monkeys_058.jpg 5,34,473,474,2
monkeys_061.jpg 53,91,292,316,2 248,43,472,316,2
monkeys_063.jpg 127,63,450,355,2
monkeys_064.jpg 125,4,314,277,2 270,61,417,309,2
monkeys_066.jpg 95,25,462,266,2
monkeys_067.jpg 71,37,289,309,2
monkeys_068.jpg 1,31,254,302,2 176,32,392,316,2 74,124,133,195,2 258,175,437,301,2 322,35,379,125,2 333,110,404,179,2
monkeys_069.jpg 1,14,155,237,2 127,24,210,237,2 195,82,291,237,2 272,53,348,237,2 348,88,443,237,2
monkeys_070.jpg 44,6,315,263,2
monkeys_071.jpg 32,104,474,319,2 146,47,473,278,2
monkeys_072.jpg 14,30,186,261,2 141,81,331,355,2 278,143,441,343,2
monkeys_073.jpg 15,27,365,302,2
monkeys_075.jpg 67,106,176,228,2 146,119,219,249,2 208,115,321,255,2 316,34,429,240,2 304,1,474,189,2
monkeys_076.jpg 105,46,423,474,2
monkeys_077.jpg 114,14,329,266,2
monkeys_078.jpg 144,7,331,322,2
monkeys_079.jpg 116,5,474,355,2
monkeys_080.jpg 86,1,471,355,2
monkeys_082.jpg 61,24,379,424,2 99,92,374,424,2
monkeys_083.jpg 1,25,227,376,2 235,33,474,379,2 183,210,302,379,2
monkeys_084.jpg 90,7,375,312,2
monkeys_086.jpg 104,15,226,160,2 163,4,474,265,2
monkeys_087.jpg 106,12,413,265,2
monkeys_089.jpg 1,176,362,483,2 242,100,450,432,2
monkeys_090.jpg 135,11,355,266,2
monkeys_091.jpg 76,98,354,630,2
monkeys_092.jpg 69,1,474,266,2
monkeys_094.jpg 31,4,474,355,2
monkeys_095.jpg 27,67,92,178,2 69,85,202,251,2 187,157,276,255,2 262,101,357,231,2 368,37,458,202,2 353,101,436,205,2
monkeys_097.jpg 24,6,188,266,2 147,50,289,266,2 248,1,455,266,2
monkeys_098.jpg 51,130,224,305,2 246,156,472,313,2
monkeys_099.jpg 49,46,204,263,2 192,13,460,266,2
monkeys_100.jpg 60,76,450,630,2
monkey_groups_000.jpg 9,74,62,295,2 25,66,110,295,2 88,62,183,295,2 202,56,272,314,2 238,41,349,324,2 279,42,430,328,2 365,68,463,328,2
monkey_groups_001.jpg 68,63,182,193,2 19,148,98,285,2 86,193,220,316,2 231,159,378,291,2 268,71,334,189,2 319,4,453,205,2 261,1,335,38,2
monkey_groups_002.jpg 264,42,474,339,2 1,84,185,339,2 140,8,331,306,2 186,143,248,206,2
monkey_groups_003.jpg 29,4,234,317,2 362,14,473,317,2 187,24,459,321,2 207,115,339,321,2 43,139,105,215,2
monkey_groups_004.jpg 64,115,154,176,2 36,168,135,274,2 130,136,241,308,2 191,89,285,278,2 250,18,423,304,2 380,93,454,275,2 350,83,384,146,2
monkey_groups_007.jpg 1,83,187,259,2 92,15,149,84,2 266,175,353,278,2 353,177,474,283,2 379,66,474,216,2 310,91,432,218,2 169,121,212,161,2 196,131,236,185,2 204,105,263,211,2 219,111,288,223,2 264,101,336,222,2 135,23,254,132,2
monkey_groups_009.jpg 56,17,170,260,2 127,18,172,98,2 151,6,466,293,2 249,39,450,281,2 356,48,423,224,2
monkey_groups_013.jpg 1,13,156,237,2 131,23,211,237,2 197,81,289,237,2 277,54,348,237,2 348,86,444,237,2
monkey_groups_014.jpg 1,38,159,265,2 141,80,360,299,2 283,74,474,284,2
monkey_groups_015.jpg 1,91,134,343,2 108,69,281,346,2 195,60,320,346,2 216,155,311,321,2 307,165,367,301,2 313,54,474,346,2
monkey_groups_016.jpg 1,101,87,249,2 69,96,164,211,2 77,34,189,196,2 180,129,229,207,2 196,85,251,140,2 219,122,297,311,2 246,73,290,122,2 288,71,474,314,2
monkey_groups_017.jpg 15,136,139,256,2 142,166,271,256,2 76,1,191,100,2 259,81,382,256,2 334,82,377,154,2 366,47,474,256,2 130,52,219,126,2 314,29,374,82,2 217,19,297,81,2 343,1,391,36,2 383,14,432,57,2 70,97,128,145,2 1,121,63,189,2
monkey_groups_018.jpg 30,24,183,237,2 179,31,306,237,2 253,42,326,137,2 299,70,455,237,2 174,5,255,49,2
monkey_groups_020.jpg 194,172,474,315,2 238,128,398,207,2 1,57,125,240,2 76,139,182,249,2
monkey_groups_021.jpg 3,132,78,306,2 34,1,198,305,2 126,73,312,316,2 361,224,431,316,2 262,185,354,316,2
monkey_groups_022.jpg 1,130,197,316,2 324,175,458,316,2 132,145,251,316,2 1,92,97,200,2 81,1,201,110,2 115,78,170,143,2 160,86,219,147,2 223,99,285,159,2 221,10,301,98,2 278,70,341,128,2 362,104,438,180,2 380,44,462,109,2 253,118,389,316,2 283,224,322,273,2
monkey_groups_024.jpg 64,91,175,231,2 44,106,336,318,2 236,187,318,278,2 212,23,451,318,2
monkey_groups_025.jpg 198,12,290,158,2 85,69,150,195,2 22,183,202,265,2 205,189,272,265,2 156,128,211,262,2 277,71,415,250,2 342,59,406,128,2 395,99,461,225,2
monkey_groups_026.jpg 57,70,90,144,2 117,25,178,164,2 169,26,223,166,2 250,20,298,150,2 188,130,244,250,2 296,10,350,77,2 376,10,429,121,2 257,164,305,266,2
monkey_groups_028.jpg 38,4,211,363,2 204,21,376,363,2 302,40,474,330,2 1,29,76,133,2 166,28,244,133,2 185,98,391,356,2
monkey_groups_030.jpg 44,19,131,201,2 87,66,160,209,2 147,75,208,207,2 195,43,259,155,2 204,57,327,234,2 278,60,374,245,2 357,70,458,240,2
monkey_groups_043.jpg 23,1,245,248,2 240,85,432,247,2
monkey_groups_045.jpg 36,78,143,276,2 291,96,379,249,2 397,161,456,251,2 187,103,236,190,2 213,98,274,189,2 250,140,297,198,2 273,117,297,160,2
monkey_groups_050.jpg 3,140,62,204,2 50,130,266,217,2 183,102,344,213,2 384,54,461,198,2 100,81,165,176,2 138,13,362,100,2 364,33,396,79,2 320,31,405,199,2
monkey_groups_055.jpg 12,30,145,266,2 143,172,252,359,2 246,39,419,311,2
monkey_groups_057.jpg 1,201,102,296,2 42,65,164,253,2 175,67,297,230,2 305,39,425,220,2
monkey_groups_059.jpg 1,131,191,316,2 132,146,248,316,2 328,178,460,316,2 270,120,389,264,2 274,224,324,273,2 1,93,99,199,2 12,1,101,96,2 80,1,201,116,2 106,78,170,147,2 223,9,302,104,2 161,88,221,147,2 221,100,283,170,2 274,70,338,121,2 361,103,437,180,2 382,39,460,119,2
monkey_groups_060.jpg 10,64,127,239,2 53,69,222,274,2 235,64,309,128,2 227,107,438,252,2 141,122,256,258,2 370,73,425,132,2
monkey_groups_066.jpg 185,13,366,266,2
monkey_groups_070.jpg 20,168,144,316,2 125,152,246,316,2 206,119,323,316,2 266,147,368,316,2 371,155,446,316,2 361,236,429,310,2 46,127,123,199,2 15,14,74,119,2 42,99,97,138,2 1,134,46,312,2 75,24,135,60,2 83,46,143,102,2 105,81,152,127,2 154,58,230,121,2 137,122,206,164,2 193,88,257,137,2 237,52,299,116,2 290,110,353,150,2 292,70,361,123,2 348,125,399,191,2 386,100,474,316,2 357,67,395,119,2 386,59,438,103,2 328,32,392,77,2 188,25,235,70,2 44,55,83,99,2
monkey_groups_072.jpg 18,10,104,186,2 79,38,206,211,2 195,61,316,234,2 312,94,474,296,2
monkey_groups_074.jpg 68,78,203,266,2 19,141,116,253,2 87,145,154,263,2 204,50,303,176,2 212,146,285,254,2 356,85,474,268,2 215,70,380,290,2
monkey_groups_078.jpg 1,26,135,247,2 1,22,252,308,2 195,122,312,320,2 248,52,446,331,2 276,131,404,282,2
monkey_groups_082.jpg 1,7,330,266,2
monkey_groups_083.jpg 207,96,253,177,2 234,26,264,75,2 130,31,174,97,2 23,74,72,160,2 1,192,125,316,2 134,274,193,318,2 60,37,107,113,2 108,68,172,150,2 30,100,121,170,2 62,156,156,267,2 114,138,171,243,2 66,11,98,51,2 261,194,368,297,2 370,188,419,318,2 375,134,434,224,2 311,130,373,200,2 268,106,335,193,2 305,26,345,91,2 359,73,405,125,2 317,61,352,115,2
monkey_groups_084.jpg 52,132,107,297,2 93,131,186,300,2 171,103,252,284,2 232,57,349,242,2 323,34,421,184,2
monkey_groups_093.jpg 1,234,104,322,2 96,232,187,322,2 247,218,376,322,2 381,156,472,322,2 363,252,418,303,2 1,119,72,229,2 56,81,106,158,2 17,59,69,118,2 100,83,178,154,2 94,145,186,235,2 192,178,274,274,2 309,146,379,239,2 222,124,290,201,2 126,26,192,89,2 72,11,124,55,2 235,1,287,51,2 304,69,359,133,2 364,78,433,145,2 423,38,474,107,2 355,3,408,41,2 303,1,349,40,2 1,21,44,77,2 230,83,308,154,2
monkey_groups_095.jpg 46,18,130,201,2 64,70,150,212,2 146,77,211,206,2 195,48,260,155,2 203,55,320,233,2 277,61,371,245,2 348,68,459,238,2
monkey_groups_097.jpg 23,109,141,296,2 104,142,172,249,2 161,113,258,283,2 207,120,260,164,2 233,146,285,273,2 330,92,461,270,2 257,115,361,272,2
monkey_groups_099.jpg 18,9,302,266,2 17,137,233,239,2
